For k: 1.0 thresholded edges: 1661
Printing best values
Conductance: 0.20412414523193154
Nodes: [0, 1, 2, 3, 4, 5, 6, 7, 8, 9, 10, 11, 12, 13, 14, 15, 16, 17, 18, 19, 20, 21, 22, 23, 24, 26, 27, 28, 29, 30, 31, 32, 33, 34, 35, 36, 37, 38, 39, 40, 41, 42, 43, 44, 45, 46, 47, 48, 49, 50, 51, 56, 57, 58, 59, 60, 61, 62, 63, 65, 66, 67, 68, 70, 72, 74, 75, 76, 77, 79, 80, 81, 82, 83, 84, 85, 87, 89, 90, 92, 94, 95, 96, 97, 99, 100, 101, 103, 104, 106, 107, 108, 109, 110, 111, 112, 115, 116, 117, 119, 120, 121, 126, 127, 128, 129, 131, 132, 134, 135, 136, 138, 139, 140, 142, 143, 144, 145, 146, 148, 149, 150, 151, 153, 154, 155, 156, 157, 158, 159, 162, 164, 165, 169, 171, 172, 173, 174, 179, 180, 181, 182, 183, 184, 185, 187, 189, 199, 200, 201, 202, 205, 211, 214, 215, 216, 219, 221, 223, 226, 227, 233, 234, 235, 236, 238, 239, 240, 242, 243, 245, 248, 250, 251, 256, 260, 261, 262, 263, 265, 267, 270, 273, 276, 279, 286, 289, 290, 292, 295, 300, 301, 307, 320, 328, 332, 340, 343, 346, 350, 351, 352, 358, 359, 381, 382, 387, 397, 400, 401, 402, 403, 406, 407, 413, 415, 417, 421, 422, 427, 431, 433, 435, 444, 449, 451, 463, 469, 472, 475, 477, 480, 485, 492, 493, 508, 514, 515, 516, 520, 521, 536, 538, 542, 563, 565, 567, 568, 569, 576, 578, 582, 583, 596, 608, 609, 610, 614, 615, 617, 619, 621, 626, 629, 633, 655, 659, 683, 710, 734, 736, 749, 759, 765, 783, 784, 794, 809, 812, 822, 823, 830, 833, 840, 845, 851, 874, 875, 882, 890, 893, 894, 898, 901, 905, 906, 918, 928, 936, 959, 971, 981]
Start: 62 End: 86
Zero Count: 698
=============================================================
For k: 1.2 thresholded edges: 1256
Printing best values
Conductance: 0.3779644730092272
Nodes: [110, 134, 149, 216, 251, 477, 901]
Start: 22 End: 29
Zero Count: 1839
=============================================================
For k: 1.4 thresholded edges: 896
Printing best values
Conductance: 0.7071067811865475
Nodes: [0, 1, 2, 3, 4, 5, 6, 7, 8, 9, 10, 11, 12, 14, 15, 16, 17, 18, 19, 20, 21, 22, 23, 24, 26, 27, 29, 30, 31, 32, 33, 35, 36, 37, 38, 39, 41, 42, 43, 44, 45, 46, 49, 50, 51, 52, 54, 55, 57, 58, 62, 63, 65, 66, 67, 68, 69, 72, 74, 75, 76, 77, 79, 80, 81, 82, 83, 84, 87, 88, 89, 91, 94, 96, 97, 100, 101, 102, 103, 106, 108, 109, 110, 111, 112, 114, 115, 116, 117, 118, 119, 120, 121, 123, 124, 127, 128, 132, 135, 136, 139, 140, 141, 143, 145, 147, 148, 150, 151, 155, 157, 159, 160, 162, 163, 165, 170, 173, 176, 179, 180, 182, 183, 184, 185, 189, 193, 197, 200, 202, 203, 206, 207, 208, 210, 212, 215, 216, 223, 226, 230, 235, 236, 239, 242, 243, 244, 245, 248, 250, 251, 256, 258, 260, 261, 267, 270, 271, 276, 281, 282, 286, 288, 292, 295, 300, 301, 304, 308, 310, 312, 315, 318, 326, 327, 328, 332, 340, 343, 346, 347, 350, 351, 353, 354, 358, 359, 360, 369, 376, 381, 382, 388, 396, 397, 399, 403, 404, 405, 406, 407, 411, 415, 416, 418, 421, 423, 426, 431, 433, 435, 441, 443, 444, 449, 452, 453, 454, 463, 466, 469, 471, 474, 475, 477, 480, 487, 494, 496, 500, 512, 513, 515, 518, 525, 526, 532, 536, 541, 542, 549, 550, 555, 567, 568, 570, 573, 579, 580, 582, 593, 601, 603, 616, 619, 623, 640, 641, 655, 657, 663, 675, 687, 703, 710, 711, 716, 723, 731, 742, 747, 783, 784, 797, 802, 807, 809, 815, 819, 828, 830, 837, 840, 842, 857, 863, 875, 891, 901, 904, 906, 910, 916, 918, 928, 935, 936, 946, 949, 955, 959, 963, 964, 965, 967, 971, 976, 999]
Start: 75 End: 77
Zero Count: 3614
=============================================================
For k: 1.5 thresholded edges: 735
Printing best values
Conductance: 1.0606601717798212
Nodes: [107, 110, 134, 149, 216, 251, 901, 443, 477]
Start: 79 End: 87
Zero Count: 3303
=============================================================
For k: 1.6 thresholded edges: 614
Printing best values
Conductance: 1.2247448713915892
Nodes: [901, 134, 107, 110, 149, 216, 251, 477]
Start: 80 End: 86
Zero Count: 4423
=============================================================
For k: 1.8 thresholded edges: 412
Printing best values
Conductance: 1.3416407864998738
Nodes: [149, 901, 134, 216, 251, 107, 477, 110]
Start: 81 End: 86
Zero Count: 4448
=============================================================
For k: 2.0 thresholded edges: 270
Printing best values
Conductance: 0.5
Nodes: [149, 901, 134, 216, 107, 477]
Start: 20 End: 24
Zero Count: 4448
=============================================================
For k: 2.1 thresholded edges: 219
Printing best values
Conductance: 0.5
Nodes: [149, 901, 134, 216, 107, 477]
Start: 20 End: 24
Zero Count: 0
=============================================================
For k: 2.2 thresholded edges: 172
Printing best values
Conductance: 0.5
Nodes: [149, 901, 134, 216, 107, 477]
Start: 20 End: 24
Zero Count: 0
=============================================================
For k: 2.3 thresholded edges: 133
Printing best values
Conductance: 2.6666666666666665
Nodes: [901, 477]
Start: 0 End: 9
Zero Count: 0
=============================================================

